  -3.7579750e-36
   2.1856200e-07
   1.7346010e-06
   5.7766250e-06
   1.3437530e-05
   2.5612540e-05
   4.2943910e-05
   6.5774240e-05
   9.4110230e-05
   1.2759820e-04
   1.6551240e-04
   2.0675710e-04
   2.4988240e-04
   2.9311400e-04
   3.3439590e-04
   3.7144630e-04
   4.0182370e-04
   4.2300360e-04
   4.3246130e-04
   4.2776160e-04
   4.0665030e-04
   3.6714640e-04
   3.0763170e-04
   2.2693530e-04
   1.2441030e-04
  -5.4915340e-15
  -1.4570860e-04
  -3.1144640e-04
  -4.9524010e-04
  -6.9440890e-04
  -9.0557980e-04
  -1.1247230e-03
  -1.3472060e-03
  -1.5678690e-03
  -1.7811200e-03
  -1.9810390e-03
  -2.1615070e-03
  -2.3163460e-03
  -2.4394590e-03
  -2.5249920e-03
  -2.5674890e-03
  -2.5620480e-03
  -2.5044780e-03
  -2.3914420e-03
  -2.2205910e-03
  -1.9906830e-03
  -1.7016870e-03
  -1.3548510e-03
  -9.5276370e-04
  -4.9937680e-04
   6.3391220e-14
   5.3873090e-04
   1.1089200e-03
   1.7015060e-03
   2.3063890e-03
   2.9125850e-03
   3.5084070e-03
   4.0816690e-03
   4.6199140e-03
   5.1106550e-03
   5.5416280e-03
   5.9010540e-03
   6.1779040e-03
   6.3621550e-03
   6.4450470e-03
   6.4193130e-03
   6.2793970e-03
   6.0216490e-03
   5.6444790e-03
   5.1484890e-03
   4.5365570e-03
   3.8138860e-03
   2.9880040e-03
   2.0687190e-03
   1.0680330e-03
  -2.2268020e-13
  -1.1194510e-03
  -2.2727470e-03
  -3.4409310e-03
  -4.6039680e-03
  -5.7410800e-03
  -6.8311020e-03
  -7.8528670e-03
  -8.7855990e-03
  -9.6093130e-03
  -1.0305210e-02
  -1.0856080e-02
  -1.1246670e-02
  -1.1464010e-02
  -1.1497770e-02
  -1.1340510e-02
  -1.0987940e-02
  -1.0439060e-02
  -9.6963270e-03
  -8.7657110e-03
  -7.6566860e-03
  -6.3821830e-03
  -4.9584590e-03
  -3.4049070e-03
  -1.7438050e-03
   5.0500190e-13
   1.7994610e-03
   3.6257450e-03
   5.4487030e-03
   7.2373610e-03
   8.9604510e-03
   1.0586960e-02
   1.2086670e-02
   1.3430740e-02
   1.4592210e-02
   1.5546580e-02
   1.6272240e-02
   1.6750970e-02
   1.6968310e-02
   1.6913920e-02
   1.6581880e-02
   1.5970840e-02
   1.5084190e-02
   1.3930130e-02
   1.2521570e-02
   1.0876060e-02
   9.0155750e-03
   6.9662310e-03
   4.7579060e-03
   2.4238150e-03
  -8.9775000e-13
  -2.4752330e-03
  -4.9619340e-03
  -7.4191580e-03
  -9.8056570e-03
  -1.2080580e-02
  -1.4204180e-02
  -1.6138520e-02
  -1.7848150e-02
  -1.9300750e-02
  -2.0467780e-02
  -2.1324960e-02
  -2.1852820e-02
  -2.2037070e-02
  -2.1868960e-02
  -2.1345460e-02
  -2.0469500e-02
  -1.9249880e-02
  -1.7701330e-02
  -1.5844260e-02
  -1.3704550e-02
  -1.1313150e-02
  -8.7056560e-03
  -5.9217330e-03
  -3.0045350e-03
   1.3547350e-12
   3.0438890e-03
   6.0778890e-03
   9.0523110e-03
   1.1917860e-02
   1.4626450e-02
   1.7132080e-02
   1.9391550e-02
   2.1365320e-02
   2.3018100e-02
   2.4319600e-02
   2.5245020e-02
   2.5775520e-02
   2.5898630e-02
   2.5608500e-02
   2.4906050e-02
   2.3799030e-02
   2.2301920e-02
   2.0435790e-02
   1.8227950e-02
   1.5711560e-02
   1.2925130e-02
   9.9119220e-03
   6.7192060e-03
   3.3975570e-03
  -1.8043380e-12
  -3.4188560e-03
  -6.8037170e-03
  -1.0099530e-02
  -1.3252400e-02
  -1.6210490e-02
  -1.8924910e-02
  -2.1350540e-02
  -2.3446790e-02
  -2.5178330e-02
  -2.6515650e-02
  -2.7435610e-02
  -2.7921860e-02
  -2.7965090e-02
  -2.7563250e-02
  -2.6721580e-02
  -2.5452550e-02
  -2.3775680e-02
  -2.1717220e-02
  -1.9309720e-02
  -1.6591520e-02
  -1.3606110e-02
  -1.0401390e-02
  -7.0289180e-03
  -3.5430470e-03
   2.1642870e-12
   3.5432660e-03
   7.0306530e-03
   1.0407160e-02
   1.3619540e-02
   1.6617140e-02
   1.9352670e-02
   2.1783000e-02
   2.3869790e-02
   2.5580150e-02
   2.6887090e-02
   2.7770010e-02
   2.8214980e-02
   2.8214980e-02
   2.7770010e-02
   2.6887090e-02
   2.5580150e-02
   2.3869790e-02
   2.1783000e-02
   1.9352670e-02
   1.6617140e-02
   1.3619540e-02
   1.0407160e-02
   7.0306530e-03
   3.5432660e-03
  -2.4528450e-12
  -3.5432660e-03
  -7.0306530e-03
  -1.0407160e-02
  -1.3619540e-02
  -1.6617140e-02
  -1.9352670e-02
  -2.1783000e-02
  -2.3869790e-02
  -2.5580150e-02
  -2.6887090e-02
  -2.7770010e-02
  -2.8214980e-02
  -2.8214980e-02
  -2.7770010e-02
  -2.6887090e-02
  -2.5580150e-02
  -2.3869790e-02
  -2.1783000e-02
  -1.9352670e-02
  -1.6617140e-02
  -1.3619540e-02
  -1.0407160e-02
  -7.0306530e-03
  -3.5432660e-03
   2.7414030e-12
   3.5432660e-03
   7.0306530e-03
   1.0407160e-02
   1.3619540e-02
   1.6617140e-02
   1.9352670e-02
   2.1783000e-02
   2.3869790e-02
   2.5580150e-02
   2.6887090e-02
   2.7770010e-02
   2.8214980e-02
   2.8214980e-02
   2.7770010e-02
   2.6887090e-02
   2.5580150e-02
   2.3869790e-02
   2.1783000e-02
   1.9352670e-02
   1.6617140e-02
   1.3619540e-02
   1.0407160e-02
   7.0306530e-03
   3.5432660e-03
  -3.0300620e-12
  -3.5432660e-03
  -7.0306530e-03
  -1.0407160e-02
  -1.3619540e-02
  -1.6617140e-02
  -1.9352670e-02
  -2.1783000e-02
  -2.3869790e-02
  -2.5580150e-02
  -2.6887090e-02
  -2.7770010e-02
  -2.8214980e-02
  -2.8214980e-02
  -2.7770010e-02
  -2.6887090e-02
  -2.5580150e-02
  -2.3869790e-02
  -2.1783000e-02
  -1.9352670e-02
  -1.6617140e-02
  -1.3619540e-02
  -1.0407160e-02
  -7.0306530e-03
  -3.5432660e-03
   3.3186200e-12
   3.5432660e-03
   7.0306530e-03
   1.0407160e-02
   1.3619540e-02
   1.6617140e-02
   1.9352670e-02
   2.1783000e-02
   2.3869790e-02
   2.5580150e-02
   2.6887090e-02
   2.7770010e-02
   2.8214980e-02
   2.8214980e-02
   2.7770010e-02
   2.6887090e-02
   2.5580150e-02
   2.3869790e-02
   2.1783000e-02
   1.9352670e-02
   1.6617140e-02
   1.3619540e-02
   1.0407160e-02
   7.0306530e-03
   3.5432660e-03
  -3.6071780e-12
  -3.5432660e-03
  -7.0306530e-03
  -1.0407160e-02
  -1.3619540e-02
  -1.6617140e-02
  -1.9352670e-02
  -2.1783000e-02
  -2.3869790e-02
  -2.5580150e-02
  -2.6887090e-02
  -2.7770010e-02
  -2.8214980e-02
  -2.8214980e-02
  -2.7770010e-02
  -2.6887090e-02
  -2.5580150e-02
  -2.3869790e-02
  -2.1783000e-02
  -1.9352670e-02
  -1.6617140e-02
  -1.3619540e-02
  -1.0407160e-02
  -7.0306530e-03
  -3.5432660e-03
   3.8957360e-12
   3.5432660e-03
   7.0306530e-03
   1.0407160e-02
   1.3619540e-02
   1.6617140e-02
   1.9352670e-02
   2.1783000e-02
   2.3869790e-02
   2.5580150e-02
   2.6887090e-02
   2.7770010e-02
   2.8214980e-02
   2.8214980e-02
   2.7770010e-02
   2.6887090e-02
   2.5580150e-02
   2.3869790e-02
   2.1783000e-02
   1.9352670e-02
   1.6617140e-02
   1.3619540e-02
   1.0407160e-02
   7.0306530e-03
   3.5432660e-03
  -4.1842940e-12
  -3.5432660e-03
  -7.0306530e-03
  -1.0407160e-02
  -1.3619540e-02
  -1.6617140e-02
  -1.9352670e-02
  -2.1783000e-02
  -2.3869790e-02
  -2.5580150e-02
  -2.6887090e-02
  -2.7770010e-02
  -2.8214980e-02
  -2.8214980e-02
  -2.7770010e-02
  -2.6887090e-02
  -2.5580150e-02
  -2.3869790e-02
  -2.1783000e-02
  -1.9352670e-02
  -1.6617140e-02
  -1.3619540e-02
  -1.0407160e-02
  -7.0306530e-03
  -3.5432660e-03
   4.4728520e-12
   3.5432660e-03
   7.0306530e-03
   1.0407160e-02
   1.3619540e-02
   1.6617140e-02
   1.9352670e-02
   2.1783000e-02
   2.3869790e-02
   2.5580150e-02
   2.6887090e-02
   2.7770010e-02
   2.8214980e-02
   2.8214980e-02
   2.7770010e-02
   2.6887090e-02
   2.5580150e-02
   2.3869790e-02
   2.1783000e-02
   1.9352670e-02
   1.6617140e-02
   1.3619540e-02
   1.0407160e-02
   7.0306530e-03
   3.5432660e-03
  -4.7614100e-12
  -3.5432660e-03
  -7.0306530e-03
  -1.0407160e-02
  -1.3619540e-02
  -1.6617140e-02
  -1.9352670e-02
  -2.1783000e-02
  -2.3869790e-02
  -2.5580150e-02
  -2.6887090e-02
  -2.7770010e-02
  -2.8214980e-02
  -2.8214980e-02
  -2.7770010e-02
  -2.6887090e-02
  -2.5580150e-02
  -2.3869790e-02
  -2.1783000e-02
  -1.9352670e-02
  -1.6617140e-02
  -1.3619540e-02
  -1.0407160e-02
  -7.0306530e-03
  -3.5432660e-03
   5.0499690e-12
   3.5432660e-03
   7.0306530e-03
   1.0407160e-02
   1.3619540e-02
   1.6617140e-02
   1.9352670e-02
   2.1783000e-02
   2.3869790e-02
   2.5580150e-02
   2.6887090e-02
   2.7770010e-02
   2.8214980e-02
   2.8214980e-02
   2.7770010e-02
   2.6887090e-02
   2.5580150e-02
   2.3869790e-02
   2.1783000e-02
   1.9352670e-02
   1.6617140e-02
   1.3619540e-02
   1.0407160e-02
   7.0306530e-03
   3.5432660e-03
  -5.3385270e-12
  -3.5432660e-03
  -7.0306530e-03
  -1.0407160e-02
  -1.3619540e-02
  -1.6617140e-02
  -1.9352670e-02
  -2.1783000e-02
  -2.3869790e-02
  -2.5580150e-02
  -2.6887090e-02
  -2.7770010e-02
  -2.8214980e-02
  -2.8214980e-02
  -2.7770010e-02
  -2.6887090e-02
  -2.5580150e-02
  -2.3869790e-02
  -2.1783000e-02
  -1.9352670e-02
  -1.6617140e-02
  -1.3619540e-02
  -1.0407160e-02
  -7.0306530e-03
  -3.5432660e-03
   5.6270850e-12
   3.5432660e-03
   7.0306530e-03
   1.0407160e-02
   1.3619540e-02
   1.6617140e-02
   1.9352670e-02
   2.1783000e-02
   2.3869790e-02
   2.5580150e-02
   2.6887090e-02
   2.7770010e-02
   2.8214980e-02
   2.8214980e-02
   2.7770010e-02
   2.6887090e-02
   2.5580150e-02
   2.3869790e-02
   2.1783000e-02
   1.9352670e-02
   1.6617140e-02
   1.3619540e-02
   1.0407160e-02
   7.0306530e-03
   3.5432660e-03
  -5.9156430e-12
  -3.5432660e-03
  -7.0306530e-03
  -1.0407160e-02
  -1.3619540e-02
  -1.6617140e-02
  -1.9352670e-02
  -2.1783000e-02
  -2.3869790e-02
  -2.5580150e-02
  -2.6887090e-02
  -2.7770010e-02
  -2.8214980e-02
  -2.8214980e-02
  -2.7770010e-02
  -2.6887090e-02
  -2.5580150e-02
  -2.3869790e-02
  -2.1783000e-02
  -1.9352670e-02
  -1.6617140e-02
  -1.3619540e-02
  -1.0407160e-02
  -7.0306530e-03
  -3.5432660e-03
   6.2042010e-12
   3.5432660e-03
   7.0306530e-03
   1.0407160e-02
   1.3619540e-02
   1.6617140e-02
   1.9352670e-02
   2.1783000e-02
   2.3869790e-02
   2.5580150e-02
   2.6887090e-02
   2.7770010e-02
   2.8214980e-02
   2.8214980e-02
   2.7770010e-02
   2.6887090e-02
   2.5580150e-02
   2.3869790e-02
   2.1783000e-02
   1.9352670e-02
   1.6617140e-02
   1.3619540e-02
   1.0407160e-02
   7.0306530e-03
   3.5432660e-03
  -6.4927590e-12
  -3.5432660e-03
  -7.0306530e-03
  -1.0407160e-02
  -1.3619540e-02
  -1.6617140e-02
  -1.9352670e-02
  -2.1783000e-02
  -2.3869790e-02
  -2.5580150e-02
  -2.6887090e-02
  -2.7770010e-02
  -2.8214980e-02
  -2.8214980e-02
  -2.7770010e-02
  -2.6887090e-02
  -2.5580150e-02
  -2.3869790e-02
  -2.1783000e-02
  -1.9352670e-02
  -1.6617140e-02
  -1.3619540e-02
  -1.0407160e-02
  -7.0306530e-03
  -3.5432660e-03
   6.7813180e-12
   3.5432660e-03
   7.0306530e-03
   1.0407160e-02
   1.3619540e-02
   1.6617140e-02
   1.9352670e-02
   2.1783000e-02
   2.3869790e-02
   2.5580150e-02
   2.6887090e-02
   2.7770010e-02
   2.8214980e-02
   2.8214980e-02
   2.7770010e-02
   2.6887090e-02
   2.5580150e-02
   2.3869790e-02
   2.1783000e-02
   1.9352670e-02
   1.6617140e-02
   1.3619540e-02
   1.0407160e-02
   7.0306530e-03
   3.5432660e-03
  -7.0698760e-12
  -3.5432660e-03
  -7.0306530e-03
  -1.0407160e-02
  -1.3619540e-02
  -1.6617140e-02
  -1.9352670e-02
  -2.1783000e-02
  -2.3869790e-02
  -2.5580150e-02
  -2.6887090e-02
  -2.7770010e-02
  -2.8214980e-02
  -2.8214980e-02
  -2.7770010e-02
  -2.6887090e-02
  -2.5580150e-02
  -2.3869790e-02
  -2.1783000e-02
  -1.9352670e-02
  -1.6617140e-02
  -1.3619540e-02
  -1.0407160e-02
  -7.0306530e-03
  -3.5432660e-03
   7.3584340e-12
   3.5432660e-03
   7.0306530e-03
   1.0407160e-02
   1.3619540e-02
   1.6617140e-02
   1.9352670e-02
   2.1783000e-02
   2.3869790e-02
   2.5580150e-02
   2.6887090e-02
   2.7770010e-02
   2.8214980e-02
   2.8214980e-02
   2.7770010e-02
   2.6887090e-02
   2.5580150e-02
   2.3869790e-02
   2.1783000e-02
   1.9352670e-02
   1.6617140e-02
   1.3619540e-02
   1.0407160e-02
   7.0306530e-03
   3.5432660e-03
  -7.6469920e-12
  -3.5432660e-03
  -7.0306530e-03
  -1.0407160e-02
  -1.3619540e-02
  -1.6617140e-02
  -1.9352670e-02
  -2.1783000e-02
  -2.3869790e-02
  -2.5580150e-02
  -2.6887090e-02
  -2.7770010e-02
  -2.8214980e-02
  -2.8214980e-02
  -2.7770010e-02
  -2.6887090e-02
  -2.5580150e-02
  -2.3869790e-02
  -2.1783000e-02
  -1.9352670e-02
  -1.6617140e-02
  -1.3619540e-02
  -1.0407160e-02
  -7.0306530e-03
  -3.5432660e-03
   7.9355500e-12
   3.5432660e-03
   7.0306530e-03
   1.0407160e-02
   1.3619540e-02
   1.6617140e-02
   1.9352670e-02
   2.1783000e-02
   2.3869790e-02
   2.5580150e-02
   2.6887090e-02
   2.7770010e-02
   2.8214980e-02
   2.8214980e-02
   2.7770010e-02
   2.6887090e-02
   2.5580150e-02
   2.3869790e-02
   2.1783000e-02
   1.9352670e-02
   1.6617140e-02
   1.3619540e-02
   1.0407160e-02
   7.0306530e-03
   3.5432660e-03
  -8.2241080e-12
  -3.5432660e-03
  -7.0306530e-03
  -1.0407160e-02
  -1.3619540e-02
  -1.6617140e-02
  -1.9352670e-02
  -2.1783000e-02
  -2.3869790e-02
  -2.5580150e-02
  -2.6887090e-02
  -2.7770010e-02
  -2.8214980e-02
  -2.8214980e-02
  -2.7770010e-02
  -2.6887090e-02
  -2.5580150e-02
  -2.3869790e-02
  -2.1783000e-02
  -1.9352670e-02
  -1.6617140e-02
  -1.3619540e-02
  -1.0407160e-02
  -7.0306530e-03
  -3.5432660e-03
   8.5126660e-12
   3.5432660e-03
   7.0306530e-03
   1.0407160e-02
   1.3619540e-02
   1.6617140e-02
   1.9352670e-02
   2.1783000e-02
   2.3869790e-02
   2.5580150e-02
   2.6887090e-02
   2.7770010e-02
   2.8214980e-02
   2.8214980e-02
   2.7770010e-02
   2.6887090e-02
   2.5580150e-02
   2.3869790e-02
   2.1783000e-02
   1.9352670e-02
   1.6617140e-02
   1.3619540e-02
   1.0407160e-02
   7.0306530e-03
   3.5432660e-03
  -8.8012250e-12
  -3.5432660e-03
  -7.0306530e-03
  -1.0407160e-02
  -1.3619540e-02
  -1.6617140e-02
  -1.9352670e-02
  -2.1783000e-02
  -2.3869790e-02
  -2.5580150e-02
  -2.6887090e-02
  -2.7770010e-02
  -2.8214980e-02
  -2.8214980e-02
  -2.7770010e-02
  -2.6887090e-02
  -2.5580150e-02
  -2.3869790e-02
  -2.1783000e-02
  -1.9352670e-02
  -1.6617140e-02
  -1.3619540e-02
  -1.0407160e-02
  -7.0306530e-03
  -3.5432660e-03
   9.0897830e-12
   3.5432660e-03
   7.0306530e-03
   1.0407160e-02
   1.3619540e-02
   1.6617140e-02
   1.9352670e-02
   2.1783000e-02
   2.3869790e-02
   2.5580150e-02
   2.6887090e-02
   2.7770010e-02
   2.8214980e-02
   2.8214980e-02
   2.7770010e-02
   2.6887090e-02
   2.5580150e-02
   2.3869790e-02
   2.1783000e-02
   1.9352670e-02
   1.6617140e-02
   1.3619540e-02
   1.0407160e-02
   7.0306530e-03
   3.5432660e-03
  -9.3783410e-12
  -3.5432660e-03
  -7.0306530e-03
  -1.0407160e-02
  -1.3619540e-02
  -1.6617140e-02
  -1.9352670e-02
  -2.1783000e-02
  -2.3869790e-02
  -2.5580150e-02
  -2.6887090e-02
  -2.7770010e-02
  -2.8214980e-02
  -2.8214980e-02
  -2.7770010e-02
  -2.6887090e-02
  -2.5580150e-02
  -2.3869790e-02
  -2.1783000e-02
  -1.9352670e-02
  -1.6617140e-02
  -1.3619540e-02
  -1.0407160e-02
  -7.0306530e-03
  -3.5432660e-03
   9.6668990e-12
   3.5432660e-03
   7.0306530e-03
   1.0407160e-02
   1.3619540e-02
   1.6617140e-02
   1.9352670e-02
   2.1783000e-02
   2.3869790e-02
   2.5580150e-02
   2.6887090e-02
   2.7770010e-02
   2.8214980e-02
   2.8214980e-02
   2.7770010e-02
   2.6887090e-02
   2.5580150e-02
   2.3869790e-02
   2.1783000e-02
   1.9352670e-02
   1.6617140e-02
   1.3619540e-02
   1.0407160e-02
   7.0306530e-03
   3.5432660e-03
  -9.9554570e-12
  -3.5432660e-03
  -7.0306530e-03
  -1.0407160e-02
  -1.3619540e-02
  -1.6617140e-02
  -1.9352670e-02
  -2.1783000e-02
  -2.3869790e-02
  -2.5580150e-02
  -2.6887090e-02
  -2.7770010e-02
  -2.8214980e-02
  -2.8214980e-02
  -2.7770010e-02
  -2.6887090e-02
  -2.5580150e-02
  -2.3869790e-02
  -2.1783000e-02
  -1.9352670e-02
  -1.6617140e-02
  -1.3619540e-02
  -1.0407160e-02
  -7.0306530e-03
  -3.5432660e-03
   1.0244020e-11
   3.5432660e-03
   7.0306530e-03
   1.0407160e-02
   1.3619540e-02
   1.6617140e-02
   1.9352670e-02
   2.1783000e-02
   2.3869790e-02
   2.5580150e-02
   2.6887090e-02
   2.7770010e-02
   2.8214980e-02
   2.8214980e-02
   2.7770010e-02
   2.6887090e-02
   2.5580150e-02
   2.3869790e-02
   2.1783000e-02
   1.9352670e-02
   1.6617140e-02
   1.3619540e-02
   1.0407160e-02
   7.0306530e-03
   3.5432660e-03
  -1.0532570e-11
  -3.5432660e-03
  -7.0306530e-03
  -1.0407160e-02
  -1.3619540e-02
  -1.6617140e-02
  -1.9352670e-02
  -2.1783000e-02
  -2.3869790e-02
  -2.5580150e-02
  -2.6887090e-02
  -2.7770010e-02
  -2.8214980e-02
  -2.8214980e-02
  -2.7770010e-02
  -2.6887090e-02
  -2.5580150e-02
  -2.3869790e-02
  -2.1783000e-02
  -1.9352670e-02
  -1.6617140e-02
  -1.3619540e-02
  -1.0407160e-02
  -7.0306530e-03
  -3.5432660e-03
   1.0821130e-11
   3.5432660e-03
   7.0306530e-03
   1.0407160e-02
   1.3619540e-02
   1.6617140e-02
   1.9352670e-02
   2.1783000e-02
   2.3869790e-02
   2.5580150e-02
   2.6887090e-02
   2.7770010e-02
   2.8214980e-02
   2.8214980e-02
   2.7770010e-02
   2.6887090e-02
   2.5580150e-02
   2.3869790e-02
   2.1783000e-02
   1.9352670e-02
   1.6617140e-02
   1.3619540e-02
   1.0407160e-02
   7.0306530e-03
   3.5432660e-03
  -1.1109690e-11
  -3.5432660e-03
  -7.0306530e-03
  -1.0407160e-02
  -1.3619540e-02
  -1.6617140e-02
  -1.9352670e-02
  -2.1783000e-02
  -2.3869790e-02
  -2.5580150e-02
  -2.6887090e-02
  -2.7770010e-02
  -2.8214980e-02
  -2.8214980e-02
  -2.7770010e-02
  -2.6887090e-02
  -2.5580150e-02
  -2.3869790e-02
  -2.1783000e-02
  -1.9352670e-02
  -1.6617140e-02
  -1.3619540e-02
  -1.0407160e-02
  -7.0306530e-03
  -3.5432660e-03
   1.1398250e-11
   3.5432660e-03
   7.0306530e-03
   1.0407160e-02
   1.3619540e-02
   1.6617140e-02
   1.9352670e-02
   2.1783000e-02
   2.3869790e-02
   2.5580150e-02
   2.6887090e-02
   2.7770010e-02
   2.8214980e-02
   2.8214980e-02
   2.7770010e-02
   2.6887090e-02
   2.5580150e-02
   2.3869790e-02
   2.1783000e-02
   1.9352670e-02
   1.6617140e-02
   1.3619540e-02
   1.0407160e-02
   7.0306530e-03
   3.5432660e-03
  -1.1686810e-11
  -3.5432660e-03
  -7.0306530e-03
  -1.0407160e-02
  -1.3619540e-02
  -1.6617140e-02
  -1.9352670e-02
  -2.1783000e-02
  -2.3869790e-02
  -2.5580150e-02
  -2.6887090e-02
  -2.7770010e-02
  -2.8214980e-02
  -2.8214980e-02
  -2.7770010e-02
  -2.6887090e-02
  -2.5580150e-02
  -2.3869790e-02
  -2.1783000e-02
  -1.9352670e-02
  -1.6617140e-02
  -1.3619540e-02
  -1.0407160e-02
  -7.0306530e-03
  -3.5432660e-03
   1.1975030e-11
   3.5423920e-03
   7.0267500e-03
   1.0396890e-02
   1.3598550e-02
   1.6580260e-02
   1.9294230e-02
   2.1697110e-02
   2.3750730e-02
   2.5422680e-02
   2.6686910e-02
   2.7524070e-02
   2.7921860e-02
   2.7875220e-02
   2.7386370e-02
   2.6464740e-02
   2.5126840e-02
   2.3395900e-02
   2.1301520e-02
   1.8879070e-02
   1.6169180e-02
   1.3216960e-02
   1.0071240e-02
   6.7837940e-03
   3.4084090e-03
  -1.1759600e-11
  -3.3863050e-03
  -6.6960890e-03
  -9.8765400e-03
  -1.2877320e-02
  -1.5651400e-02
  -1.8155770e-02
  -2.0352200e-02
  -2.2207760e-02
  -2.3695410e-02
  -2.4794310e-02
  -2.5490190e-02
  -2.5775520e-02
  -2.5649530e-02
  -2.5118210e-02
  -2.4194140e-02
  -2.2896220e-02
  -2.1249250e-02
  -1.9283540e-02
  -1.7034280e-02
  -1.4540920e-02
  -1.1846490e-02
  -8.9968280e-03
  -6.0397750e-03
  -3.0243670e-03
   1.0644300e-11
   2.9843990e-03
   5.8811850e-03
   8.6447710e-03
   1.1232360e-02
   1.3604650e-02
   1.5726390e-02
   1.7566970e-02
   1.9100850e-02
   2.0307890e-02
   2.1173660e-02
   2.1689540e-02
   2.1852820e-02
   2.1666660e-02
   2.1139900e-02
   2.0286870e-02
   1.9127030e-02
   1.7684580e-02
   1.5987960e-02
   1.4069300e-02
   1.1963830e-02
   9.7092320e-03
   7.3449290e-03
   4.9114310e-03
   2.4496080e-03
  -8.7840700e-12
  -2.3978610e-03
  -4.7061010e-03
  -6.8891110e-03
  -8.9141070e-03
  -1.0751620e-02
  -1.2375950e-02
  -1.3765470e-02
  -1.4902990e-02
  -1.5775860e-02
  -1.6376170e-02
  -1.6700710e-02
  -1.6750970e-02
  -1.6532980e-02
  -1.6057100e-02
  -1.5337760e-02
  -1.4393100e-02
  -1.3244560e-02
  -1.1916480e-02
  -1.0435530e-02
  -8.8302680e-03
  -7.1305560e-03
  -5.3670290e-03
  -3.5705430e-03
  -1.7716330e-03
   6.4618810e-12
   1.7159850e-03
   3.3497320e-03
   4.8768450e-03
   6.2754830e-03
   7.5266630e-03
   8.6145080e-03
   9.5264320e-03
   1.0253260e-02
   1.0789270e-02
   1.1132210e-02
   1.1283210e-02
   1.1246670e-02
   1.1030030e-02
   1.0643610e-02
   1.0100270e-02
   9.4151190e-03
   8.6051670e-03
   7.6889590e-03
   6.6861830e-03
   5.6172780e-03
   4.5030440e-03
   3.3642460e-03
   2.2212480e-03
   1.0936580e-03
  -4.0445820e-12
  -1.0425810e-03
  -2.0185730e-03
  -2.9143220e-03
  -3.7182000e-03
  -4.4207420e-03
  -5.0147250e-03
  -5.4952110e-03
  -5.8595400e-03
  -6.1072790e-03
  -6.2401340e-03
  -6.2618200e-03
  -6.1779040e-03
  -5.9956080e-03
  -5.7236040e-03
  -5.3717690e-03
  -4.9509480e-03
  -4.4726900e-03
  -3.9489960e-03
  -3.3920580e-03
  -2.8140140e-03
  -2.2267100e-03
  -1.6414850e-03
  -1.0689660e-03
  -5.1889930e-04
   1.9318380e-12
   4.8016810e-04
   9.1528170e-04
   1.3003170e-03
   1.6315810e-03
   1.9067060e-03
   2.1246290e-03
   2.2855260e-03
   2.3907430e-03
   2.4426870e-03
   2.4447130e-03
   2.4009870e-03
   2.3163460e-03
   2.1961420e-03
   2.0460920e-03
   1.8721210e-03
   1.6802130e-03
   1.4762670e-03
   1.2659660e-03
   1.0546570e-03
   8.4724490e-04
   6.4810610e-04
   4.6102020e-04
   2.8911930e-04
   1.3485750e-04
  -4.9139860e-13
  -1.1436950e-04
  -2.0782340e-04
  -2.8054920e-04
  -3.3329400e-04
  -3.6729680e-04
  -3.8421160e-04
  -3.8602280e-04
  -3.7495670e-04
  -3.5339080e-04
  -3.2376410e-04
  -2.8849140e-04
  -2.4988240e-04
  -2.1007000e-04
  -1.7094740e-04
  -1.3411740e-04
  -1.0085360e-04
  -7.2075370e-05
  -4.8336860e-05
  -2.9828910e-05
  -1.6395060e-05
  -7.5596980e-06
  -2.5676530e-06
  -4.3367710e-07
  -9.2285920e-26
